3.7688
43.3412
22.6128
22.6128
45.2256
45.2256
67.8384
67.8384
45.2256
22.6128
67.8384
22.6128
45.2256
67.8384
45.2256
67.8384
45.2256
67.8384
22.6128
22.6128
67.8384
67.8384
22.6128
45.2256
67.8384
67.8384
67.8384
64.5844
67.8384
64.7752
67.8384
67.8384
67.8384
67.8384
67.8384
64.8616
67.8384
64.8616
67.8384
67.838
67.8384
67.8384
67.8384
67.8384
67.8384
67.8384
67.8384
67.8384
67.8384
67.8384
67.8384
67.8384
67.8384
67.8384
67.8384
65.3424
67.8384
64.8616
67.8384
65.3424
67.8384
65.7124
67.8384
67.8384
67.8384
64.4308
67.8384
64.2988
45.2256
41.5964
45.2256
45.2256
67.8384
64.2092
67.8384
67.8384
67.8384
67.8384
67.8384
67.8384
67.8384
67.838
67.8384
64.8616
67.8384
67.8384
67.8384
67.8384
67.8384
67.8382
67.8384
67.8384
67.8384
67.8384
67.8384
67.8384
67.8384
67.8384
67.8384
64.7752
67.8384
67.8384
67.8384
64.4308
67.8384
65.7124
67.8384
65.062
67.8384
67.8384
67.8384
65.062
67.838
64.8616
20.7982
20.7982
39.7814
41.5964
22.6128
66.0238
20.7982
20.7982
39.7818
41.5964
67.8384
20.7982
20.7982
20.7982
20.7982
39.8714
22.6128
20.7982
20.7982
20.7982
20.7982
20.7982
20.7982
20.7982
20.7982
20.7982
20.7982
20.7982
20.7982
20.7982
20.7982
20.7982
66.0238
45.2256
22.6128
20.7982
20.7982
20.7982
20.7982
20.7982
20.7982
20.7982
20.7982
20.7982
20.7982
20.7982
20.7982
20.7982
20.7982
20.7982
18.9836
20.7982
22.6128
22.6128
22.6128
22.6128
41.818
22.6128
20.7982
20.7982
20.7982
20.7982
18.9836
20.7982
19.1712
20.9858
22.6128
22.6128
22.6128
22.6128
22.6128
22.6128
22.6128
45.2256
20.7982
20.7982
20.7982
20.7982
20.7982
18.9836
20.7982
21.0812
21.0812
22.6128
22.6128
22.6128
22.6128
22.6128
22.6128
22.6128
22.6128
22.6128
22.6128
22.6128
22.6128
22.6128
22.6128
22.6128
22.6128
22.6128
22.6128
22.6128
22.6128
22.6128
22.6128
22.6128
22.6128
22.6128
22.6128
22.6128
22.6128
22.6128
22.6128
22.6128
22.6128
22.6128
22.6128
22.6128
22.6128
22.6128
22.6128
22.6128
22.6128
22.6128
22.6128
22.6128
22.6128
22.6128
22.6124
22.6128
22.6128
22.6128
22.6128
22.6128
22.6128
22.6128
22.6128
22.6128
22.6128
22.6128
22.6128
22.6128
22.6128
22.6128
22.6128
22.6128
22.6128
22.6128
22.6128
22.6128
22.6128
22.6128
22.6128
22.6128
22.6128
22.6128
22.6128
22.6128
22.6128
22.6128
22.6128
22.6128
22.6128
22.6128
22.6128
22.6128
22.6128
22.6128
22.6128
22.6128
22.6128
22.6128
22.6128
22.6128
22.6128
45.2256
22.6128
67.8384
41.5964
67.8384
45.2256
64.4304
20.843
20.843
67.8384
22.6126
45.2256
45.2256
22.6128
22.6128
67.8384
64.2092
45.2256
41.818
43.411
41.5964
41.5964
41.5964
45.2256
45.2256
22.6128
45.2256
45.2256
67.8384
43.411
41.686
41.6856
45.2256
45.2256
45.2256
45.2256
45.2256
45.2256
45.2256
45.2256
45.2256
45.2256
45.2256
45.2256
45.2256
45.2256
45.2256
45.2256
45.2256
45.2256
45.2256
45.2256
45.2256
45.2256
45.2256
45.2256
45.2256
45.2256
45.2256
45.2256
45.2256
45.2256
45.2256
45.2256
45.2256
45.2256
45.2256
45.2256
45.2256
45.2256
45.2256
45.2256
45.2256
45.2256
45.2256
45.2256
45.2256
45.2256
45.2256
45.2256
45.2256
45.2256
45.2256
45.2256
45.2256
45.2256
45.2256
45.2256
45.2256
45.2256
45.2256
45.2256
45.2256
45.2256
45.2256
45.2256
45.2256
45.2256
45.2256
45.2256
45.2256
45.2256
45.2256
45.2256
45.2256
45.2256
45.2256
45.2256
45.2256
45.2256
45.2256
45.2256
45.2256
45.2256
45.2256
45.2256
45.2256
45.2256
45.2256
45.2256
45.2256
45.2256
45.2256
45.2256
45.2256
45.2256
45.2256
45.2256
45.2256
45.2256
45.2256
45.2256
45.2256
45.2256
45.2256
45.2256
45.2256
45.2256
45.2256
45.2256
45.2256
45.2256
45.2256
45.2256
45.2256
45.2256
45.2256
45.2256
45.2256
45.2256
45.2256
45.2256
45.2256
45.2256
45.2256
45.2256
45.2256
45.2256
45.2256
45.2256
45.2256
45.2256
45.2256
45.2256
45.2256
45.2256
45.2256
45.2256
45.2256
45.2256
45.2256
45.2256
45.2256
45.2256
45.2256
45.2256
45.2256
45.2256
45.2256
45.2256
45.2256
45.2256
45.2256
45.2256
45.2256
45.2256
45.2256
45.2256
45.2256
45.2256
45.2256
45.2256
45.2256
45.2256
45.2256
45.2256
45.2256
45.2256
45.2256
45.2256
67.8384
22.6128
67.8384
45.2256
67.8384
67.8384
19.8484
3.7688
43.3412
22.6128
22.6128
45.2256
45.2256
67.8384
67.8384
45.2256
22.6128
67.8384
22.6128
45.2256
67.8384
45.2256
67.8384
67.8384
45.2256
22.6128
22.6128
67.8384
67.8384
67.8384
45.2256
45.2256
67.8384
67.8384
67.8384
67.8384
67.8384
67.8384
67.8384
67.8384
67.8384
67.8384
67.8384
67.8384
67.8384
67.8384
67.8384
67.8384
67.8384
67.8384
67.8384
67.8384
67.8384
67.8384
67.8384
67.8384
67.8384
67.8384
67.8384
67.8384
67.8384
67.8384
67.8384
67.8384
67.8384
67.8384
67.8384
67.8384
67.8384
67.8384
67.8384
67.8384
67.8384
67.8384
67.8384
67.8384
67.8384
67.8384
67.8384
67.8384
67.8384
67.8384
67.8384
67.8384
67.8384
67.8384
67.8384
67.8384
67.8384
67.8384
67.8384
67.8384
67.8384
67.8384
67.8384
67.8384
67.8384
67.8384
67.8384
67.8384
67.8384
67.8384
67.8384
67.8384
67.8384
67.8384
67.8384
67.8384
67.8384
67.8384
67.8384
67.8384
67.8384
67.8384
67.8384
67.8384
67.8384
67.8384
67.8384
67.8384
67.8384
20.7982
18.9836
39.7818
43.411
22.6128
67.8384
20.7982
18.9836
39.7818
45.2256
67.8384
20.7982
18.9836
20.7982
41.5964
20.7982
18.9836
66.0238
42.1624
22.6128
20.7982
20.2902
20.2902
20.7982
20.7982
20.7982
22.6128
22.6128
45.2256
22.1048
20.2902
18.9836
20.7982
22.6128
22.6128
22.6128
22.6128
22.6128
22.6128
22.6128
22.6128
45.2256
22.6128
20.7982
20.7982
20.7982
22.6128
22.6128
22.6128
22.6128
22.6128
22.6128
22.6128
22.6128
22.6128
22.6128
22.6128
22.6128
22.6128
22.6128
22.6128
22.6128
22.6128
22.6128
22.6128
22.6128
22.6128
22.6128
22.6128
22.6128
22.6128
22.6128
22.6128
22.6128
22.6128
22.6128
22.6128
22.6128
22.6128
22.6124
22.6128
22.6128
22.6128
22.6128
22.6128
22.6128
22.6128
22.6128
22.6128
22.6128
22.6128
22.6128
22.6128
22.6128
22.6128
22.6128
22.6128
22.6128
22.6128
22.6128
22.6128
22.6128
22.6128
22.6128
22.6128
22.6128
22.6128
22.6128
22.6128
22.6128
22.6128
22.6128
22.6128
22.6128
22.6128
22.6128
22.6128
22.6128
22.6128
22.6128
22.6128
22.6128
22.6128
22.6128
22.6128
22.6128
22.6128
22.6128
22.6128
22.6128
22.6128
22.6128
22.6128
22.6128
22.6128
22.6128
22.6128
22.6128
22.6128
22.6128
22.6128
22.6128
22.6128
22.6128
22.6128
22.6128
22.6128
22.6128
22.6128
22.6128
22.6128
22.6128
22.6128
22.6128
22.6128
22.6128
22.6128
22.6128
22.6128
22.6128
22.6128
22.6128
22.6128
22.6128
22.6128
22.6128
22.6128
22.6128
22.6128
22.6128
22.6128
22.6128
22.6128
22.6128
22.6128
45.2256
22.6128
67.8384
45.2256
67.8384
45.2256
67.8384
20.7982
20.7982
67.8384
22.6128
45.2256
45.2256
22.6128
22.6128
67.8384
67.8384
43.411
41.5964
41.5964
45.2256
45.2252
67.8384
41.5964
45.2256
45.2256
45.2256
45.2256
45.2256
22.6128
45.2256
45.2256
45.2256
67.8384
41.5964
45.2256
45.2256
45.2256
45.2256
45.2256
45.2256
45.2256
45.2256
45.2256
45.2256
45.2256
45.2256
45.2256
45.2256
45.2256
45.2256
45.2256
45.2256
45.2256
45.2256
45.2256
45.2256
45.2256
45.2256
45.2256
45.2256
45.2256
45.2256
45.2256
45.2256
45.2256
45.2256
45.2256
45.2256
45.2256
45.2256
45.2256
45.2256
45.2256
45.2256
45.2256
45.2256
45.2256
45.2256
45.2256
45.2256
45.2256
45.2256
45.2256
45.2256
45.2256
45.2256
45.2256
45.2256
45.2256
45.2256
45.2256
45.2256
45.2256
45.2256
45.2256
45.2256
45.2256
45.2256
45.2256
45.2256
45.2256
45.2256
45.2256
45.2256
45.2256
45.2256
45.2256
45.2256
45.2256
45.2256
45.2256
45.2256
45.2256
45.2256
45.2256
45.2256
45.2256
45.2256
45.2256
45.2256
45.2256
45.2256
45.2256
45.2256
45.2256
45.2256
45.2256
45.2256
45.2256
45.2256
45.2256
45.2256
45.2256
45.2256
45.2256
45.2256
45.2256
45.2256
45.2256
45.2256
45.2256
45.2256
45.2256
45.2256
45.2256
45.2256
45.2256
45.2256
45.2256
45.2256
45.2256
45.2256
45.2256
45.2256
45.2256
45.2256
45.2256
45.2256
45.2256
45.2256
45.2256
45.2256
45.2256
45.2256
45.2256
45.2256
45.2256
45.2256
45.2256
45.2256
45.2256
45.2256
45.2256
45.2256
45.2256
45.2256
45.2256
45.2256
45.2256
45.2256
45.2256
45.2256
45.2256
45.2256
45.2256
45.2256
45.2256
45.2256
45.2256
45.2256
45.2256
45.2256
45.2256
45.2256
45.2256
45.2256
45.2256
45.2256
45.2256
22.6128
67.8384
67.8384
45.2256
67.8384
67.8384
19.9066
