20.491
8.9576
26.0908
20.0982
14.1112
20.1212
12.2378
13.7316
37.745
26.0908
8.1424
32.3318
14.1112
12.2204
28.0806
13.9352
28.0926
14.1496
34.061
20.0808
8.1416
13.0954
40.268
14.11
12.4522
13.7316
13.1002
13.7316
13.0828
13.749
13.0828
13.7316
13.1002
13.7316
13.1002
13.7316
13.0828
13.749
13.0828
13.749
13.0828
13.7316
13.1002
13.7316
13.1002
13.7316
13.0828
13.749
13.0828
13.7316
13.1002
13.7316
13.1002
13.7316
13.0828
13.749
13.0828
13.749
13.0828
13.7316
13.1002
13.7316
13.1002
13.7316
13.0828
13.749
13.0828
13.749
52.3168
52.9656
44.4054
20.3356
12.4348
13.749
13.0828
13.749
13.0828
13.7316
13.1002
13.7316
13.1002
13.7316
13.0828
13.749
13.0828
13.749
13.0828
13.7316
13.1002
13.7316
13.1002
13.7316
13.0828
13.749
13.0828
13.7316
13.1002
13.7316
13.1002
13.7316
13.0828
13.749
13.0828
13.749
13.0828
13.7316
13.1002
13.7316
13.1002
13.7316
13.0828
13.749
13.0828
13.749
91.5508
92.217
52.9656
52.9656
92.217
13.7316
91.5508
92.217
52.9656
52.983
13.7316
91.5508
92.217
92.1996
92.217
52.9656
92.1996
92.217
92.1996
92.217
92.1996
92.1996
92.217
92.1996
92.217
92.1996
92.1996
92.217
92.1996
92.1996
92.217
91.5564
13.7316
51.691
92.1996
92.217
92.1996
92.217
92.1996
92.1996
92.217
92.1996
92.217
92.1996
92.1996
92.217
92.1996
92.1996
92.217
92.1996
90.7162
87.4828
82.9804
84.701
81.0492
81.2682
52.5368
92.1996
92.217
92.1996
92.217
92.1996
92.1996
92.217
88.9836
84.0698
84.48
82.12
81.2802
81.4772
81.048
80.4114
80.1912
51.043
92.1996
92.1996
92.217
92.1996
92.217
92.1996
88.126
87.2854
83.4084
81.4958
81.9064
80.8348
81.2802
81.2628
81.0658
81.2632
80.6196
81.2682
81.0492
80.6196
81.0542
80.6196
81.0658
81.2624
79.9772
80.8402
80.8224
80.4226
80.4052
81.262
80.8518
81.0492
80.8522
80.406
81.2512
81.2802
80.8344
80.4234
81.6912
81.0488
80.2094
81.2508
81.2632
81.281
80.62
81.055
80.4052
81.2508
81.281
81.9064
81.7094
81.6916
81.0484
80.851
81.0484
81.7094
81.2628
81.4768
80.8522
81.048
80.834
80.6374
81.4652
80.637
81.2632
81.4772
80.6378
80.4056
80.8394
80.4044
80.3932
81.0542
81.4776
80.8518
80.62
81.0364
80.8526
81.2636
81.0658
81.048
80.62
80.8518
80.6192
80.1904
80.6258
80.1792
81.2682
81.2632
81.6924
81.495
80.1908
80.8402
81.048
80.8344
80.2094
81.0488
80.8522
81.6916
80.8344
80.4226
62.1348
28.266
52.4938
12.6492
52.983
13.7316
52.3168
13.749
91.5508
71.8314
12.6492
68.5984
28.0674
40.5068
52.281
40.2312
12.6492
13.749
52.3168
52.9656
52.983
52.9656
52.983
52.9656
46.9624
42.4598
52.4812
28.3078
40.2908
13.078
52.983
52.9656
52.9656
49.9814
45.6756
40.525
40.2956
40.51
40.3102
40.2936
40.5274
40.2944
40.508
40.097
40.2904
40.5266
40.2956
40.508
40.5282
40.532
40.313
40.0792
40.2924
40.3078
40.5088
40.3204
40.3098
40.5072
40.3126
40.292
40.2944
40.309
40.296
40.3342
40.1004
40.078
40.3098
40.2924
40.5254
40.3176
40.5068
40.3118
40.5092
40.5506
40.1008
40.2924
40.5254
40.316
40.5088
40.545
40.2916
40.313
40.1
40.0792
40.5254
40.2936
40.311
40.2956
40.2936
40.3142
40.5296
40.5434
40.2944
40.2944
40.5266
40.3164
40.5262
40.5304
40.2936
40.5254
40.1036
40.2944
40.1226
40.51
40.3098
40.2936
40.2924
40.311
40.2916
40.5266
40.5092
40.3164
40.5242
40.7476
40.3346
40.2952
40.312
40.5274
40.1016
40.2956
40.333
40.528
40.3114
40.2944
40.0788
40.313
40.2916
40.5274
40.2936
40.2952
40.3114
40.5112
40.3102
40.0792
40.2944
40.0966
40.2936
40.313
40.2956
40.2924
40.311
40.2944
40.506
40.3142
40.2956
40.0978
40.5056
40.5332
40.1206
40.2936
40.313
40.0792
40.2948
40.309
40.2924
40.3138
40.2948
40.2944
40.5274
40.0784
40.313
40.51
40.3188
40.3102
40.508
40.3164
40.5274
40.5288
40.5286
40.534
40.1036
40.313
40.2936
40.3142
40.3192
40.5296
40.5254
40.5332
40.3362
40.2924
40.2936
40.311
40.2936
40.5096
40.5254
40.5284
40.3334
40.2956
40.3176
40.5494
40.5076
40.3338
40.2924
40.5092
40.1178
40.2944
40.313
40.7232
40.318
40.5274
33.4448
0
0.0174
0
0.0174
0
0
0.0174
20.2766
8.9576
26.0908
20.0982
13.8968
20.1212
12.2378
13.078
35.1642
26.0908
8.1424
32.1162
13.8968
12.2204
28.0806
13.9352
13.0954
33.2148
26.107
20.0816
7.9272
13.0954
13.078
40.5112
19.9254
12.2204
13.0954
13.078
13.078
13.0954
13.078
13.078
13.0954
13.078
13.0954
13.078
13.078
13.0954
13.078
13.0954
13.078
12.6492
13.0954
13.078
13.0954
13.078
13.078
13.0954
13.078
13.078
13.0954
13.078
13.0954
13.078
13.078
13.0954
13.078
13.0954
13.078
13.078
13.0954
13.078
13.0954
13.078
13.078
13.0954
13.078
13.0954
13.078
13.078
13.0954
13.078
13.078
13.0954
13.078
13.0954
13.078
13.078
13.0954
13.078
13.0954
13.078
13.078
13.0954
13.078
13.0954
13.078
13.078
13.0954
13.078
13.0954
13.078
13.078
13.0954
13.078
13.078
13.0954
13.078
13.0954
13.078
13.078
13.0954
13.078
13.0954
13.078
13.078
13.0954
13.078
13.0954
13.078
13.078
13.0954
13.078
13.078
91.5634
91.5634
60.03
57.0284
86.8466
13.078
91.546
91.5634
52.312
50.1854
12.6596
90.474
87.929
88.126
52.312
89.6338
88.9732
13.0954
52.312
88.7762
90.474
89.1876
90.277
87.0436
91.5634
87.9008
81.4656
80.4118
51.4544
89.1876
91.5634
90.9024
81.4838
79.7508
80.6188
80.1978
80.6192
80.8402
80.1792
80.6084
79.983
50.5968
91.5634
87.0436
89.8308
83.8438
81.0376
80.6254
79.7508
80.3936
81.2682
79.9656
80.4056
81.0546
79.7508
81.2682
79.5368
80.1792
80.8402
80.62
80.1978
80.6084
80.1788
80.8402
80.8228
80.411
80.3936
80.3944
79.983
80.6076
80.8216
80.6258
79.9652
81.0534
80.3936
80.1796
80.4106
79.9656
80.8394
80.8228
80.1796
79.983
80.1792
80.6258
81.0368
80.394
79.9834
80.1792
80.6254
80.822
80.1796
80.625
80.1792
80.1788
81.0542
80.3936
80.4226
80.822
80.822
80.2082
79.9652
81.0542
79.7504
80.822
80.8398
80.394
79.5546
81.2508
79.9764
80.4114
81.4652
79.9822
79.9652
81.0364
80.8402
80.1796
80.8228
79.5542
80.1792
81.0542
79.9656
80.822
80.1974
80.6076
80.6258
79.9756
80.3936
80.6254
80.822
80.4226
80.3936
81.0364
80.6258
79.5364
80.6072
80.6258
80.6084
80.4118
80.1788
80.3928
80.625
80.6072
80.4118
80.608
80.6188
80.197
80.608
80.8406
79.536
80.1788
80.6258
80.608
80.8394
80.8336
79.322
81.2686
79.7504
81.2508
80.2086
79.9648
80.4114
80.8224
79.7508
80.4114
80.6084
80.4118
81.2508
80.1792
79.7686
80.822
81.0538
80.1788
80.3936
80.2086
61.9248
28.268
52.0638
12.4348
52.3294
10.934
52.312
12.6666
91.546
50.1234
12.4348
68.1544
27.8574
40.0772
52.2822
40.2424
12.2204
13.078
52.983
60.6732
52.7578
41.7964
40.5262
13.078
52.9656
50.3998
45.4496
40.3346
40.082
40.2932
52.2782
28.2932
40.3126
40.0804
13.078
52.3294
49.3104
46.9508
40.099
40.08
40.313
40.0792
40.2936
40.311
40.2924
39.883
40.2924
40.2912
40.0978
40.2932
40.311
40.2916
40.078
40.0978
40.2944
40.0812
40.5242
40.0796
40.0946
40.2932
40.08
40.3098
40.508
40.099
40.0812
40.2924
40.0978
40.2932
40.3118
40.0836
40.0808
40.309
40.2912
40.0982
40.078
40.2944
40.3118
40.0784
40.2932
39.8862
40.2944
40.311
40.2892
40.0788
40.313
40.0796
40.311
40.0788
40.0792
40.311
40.2932
40.0982
40.0812
40.2944
40.0954
40.2924
39.8814
40.5068
40.2912
40.1002
40.08
40.2932
40.0966
40.2944
40.3138
39.8616
40.5096
40.0982
40.2956
40.3078
40.2944
40.0804
40.0966
40.2952
40.3118
40.0792
40.2944
40.0974
40.08
40.2964
40.3098
40.08
40.3118
39.8652
40.2936
40.0998
40.5084
39.8842
40.2916
40.08
40.5262
40.0812
40.313
40.0816
40.078
40.3118
40.2972
40.333
40.0788
40.0784
40.3134
40.2904
40.076
40.0998
40.2944
40.313
40.08
40.0784
40.313
40.2952
40.5502
39.8652
40.2936
40.3118
40.08
40.3118
40.08
40.2936
40.0978
40.2932
40.3142
40.0824
40.078
40.311
40.078
40.08
40.311
40.2932
40.3118
40.0792
40.292
39.8834
40.2956
40.311
40.078
40.2924
40.311
40.08
40.3114
39.8656
40.2944
40.0978
40.2936
40.2932
40.311
40.0808
40.3086
40.0788
40.076
40.311
40.2944
40.3142
40.08
40.2912
40.3142
40.0804
40.313
40.2944
40.0792
40.0986
33.4448
0.0174
0
0
0.0174
0
0
0.0174
